3,2
10,294
10,18
10,85
10,95
10,129
10,268
10,196
10,215
9,6
9,4
8,7
8,4
81,5
81,4
81,3
8,15
8,13
8,5
81,2
81,1
81,0
74,5
74,4
74,3
8,8
8,2
8,3
74,2
74,1
74,0
73,6
73,5
73,4
73,3
73,2
73,1
73,0
62,3
62,1
48,3
48,1
47,3
47,1
46,3
46,1
45,4
45,3
45,1
43,5
43,4
43,3
43,2
43,1
34,4
34,3
34,1
26,3
26,1
20,3
20,2
20,1
19,3
19,2
19,1
14,4
14,2
14,0
12,3
12,2
12,1
11,30
11,29
11,28
11,27
11,26
11,25
11,24
11,23
11,22
11,21
11,20
11,19
11,18
11,17
11,16
11,15
11,14
11,13
11,12
11,11
11,10
11,9
11,8
11,7
11,6
11,5
11,4
11,3
11,2
11,1
18,1
10,286
10,285
18,3
10,279
10,273
14,1
10,236
14,5
10,223
14,3
